1.000E-03 1.906E+02 
1.500E-03 2.256E+02 
2.000E-03 2.543E+02 
2.500E-03 2.790E+02 
3.000E-03 3.009E+02 
3.500E-03 3.209E+02 
4.000E-03 3.392E+02 
4.500E-03 3.562E+02 
5.000E-03 3.721E+02 
6.000E-03 4.014E+02 
7.000E-03 4.279E+02 
8.000E-03 4.523E+02 
9.000E-03 4.750E+02 
1.000E-02 4.962E+02 
1.500E-02 5.869E+02 
2.000E-02 6.610E+02 
2.500E-02 7.246E+02 
3.000E-02 7.808E+02 
3.500E-02 8.315E+02 
4.000E-02 8.779E+02 
4.500E-02 9.208E+02 
5.000E-02 9.606E+02 
6.000E-02 1.033E+03 
7.000E-02 1.098E+03 
8.000E-02 1.156E+03 
9.000E-02 1.210E+03 
1.000E-01 1.259E+03 
1.500E-01 1.455E+03 
2.000E-01 1.595E+03 
2.500E-01 1.698E+03 
3.000E-01 1.772E+03 
3.500E-01 1.825E+03 
4.000E-01 1.862E+03 
4.500E-01 1.886E+03 
5.000E-01 1.900E+03 
6.000E-01 1.906E+03 
7.000E-01 1.892E+03 
8.000E-01 1.866E+03 
9.000E-01 1.833E+03 
1.000E+00 1.795E+03 
1.500E+00 1.571E+03 
2.000E+00 1.372E+03 
2.500E+00 1.213E+03 
3.000E+00 1.085E+03 
3.500E+00 9.819E+02 
4.000E+00 8.982E+02 
4.500E+00 8.296E+02 
5.000E+00 7.720E+02 
6.000E+00 6.804E+02 
7.000E+00 6.102E+02 
8.000E+00 5.544E+02 
9.000E+00 5.090E+02 
1.000E+01 4.712E+02 
1.500E+01 3.478E+02 
2.000E+01 2.788E+02 
2.500E+01 2.342E+02 
3.000E+01 2.028E+02 
3.500E+01 1.794E+02 
4.000E+01 1.612E+02 
4.500E+01 1.467E+02 
5.000E+01 1.348E+02 
6.000E+01 1.163E+02 
7.000E+01 1.027E+02 
8.000E+01 9.214E+01 
9.000E+01 8.375E+01 
1.000E+02 7.690E+01 
1.500E+02 5.543E+01 
2.000E+02 4.406E+01 
2.500E+02 3.696E+01 
3.000E+02 3.209E+01 
3.500E+02 2.853E+01 
4.000E+02 2.581E+01 
4.500E+02 2.367E+01 
5.000E+02 2.193E+01 
6.000E+02 1.928E+01 
7.000E+02 1.736E+01 
8.000E+02 1.590E+01 
9.000E+02 1.476E+01 
1.000E+03 1.384E+01 