1.000E-03 2.120E+02 
1.500E-03 2.754E+02 
2.000E-03 3.317E+02 
2.500E-03 3.830E+02 
3.000E-03 4.309E+02 
3.500E-03 4.760E+02 
4.000E-03 5.188E+02 
4.500E-03 5.598E+02 
5.000E-03 5.992E+02 
6.000E-03 6.740E+02 
7.000E-03 7.445E+02 
8.000E-03 8.115E+02 
9.000E-03 8.756E+02 
1.000E-02 9.371E+02 
1.500E-02 1.217E+03 
2.000E-02 1.465E+03 
2.500E-02 1.691E+03 
3.000E-02 1.901E+03 
3.500E-02 2.098E+03 
4.000E-02 2.285E+03 
4.500E-02 2.463E+03 
5.000E-02 2.634E+03 
6.000E-02 2.956E+03 
7.000E-02 3.256E+03 
8.000E-02 3.538E+03 
9.000E-02 3.805E+03 
1.000E-01 4.058E+03 
1.500E-01 5.152E+03 
2.000E-01 6.019E+03 
2.500E-01 6.705E+03 
3.000E-01 7.235E+03 
3.500E-01 7.632E+03 
4.000E-01 7.915E+03 
4.500E-01 8.100E+03 
5.000E-01 8.203E+03 
6.000E-01 8.222E+03 
7.000E-01 8.067E+03 
8.000E-01 7.808E+03 
9.000E-01 7.494E+03 
1.000E+00 7.157E+03 
1.500E+00 5.647E+03 
2.000E+00 4.588E+03 
2.500E+00 3.860E+03 
3.000E+00 3.351E+03 
3.500E+00 2.971E+03 
4.000E+00 2.675E+03 
4.500E+00 2.438E+03 
5.000E+00 2.242E+03 
6.000E+00 1.939E+03 
7.000E+00 1.713E+03 
8.000E+00 1.538E+03 
9.000E+00 1.398E+03 
1.000E+01 1.283E+03 
1.500E+01 9.191E+02 
2.000E+01 7.238E+02 
2.500E+01 6.007E+02 
3.000E+01 5.156E+02 
3.500E+01 4.529E+02 
4.000E+01 4.047E+02 
4.500E+01 3.665E+02 
5.000E+01 3.353E+02 
6.000E+01 2.875E+02 
7.000E+01 2.524E+02 
8.000E+01 2.256E+02 
9.000E+01 2.043E+02 
1.000E+02 1.870E+02 
1.500E+02 1.334E+02 
2.000E+02 1.053E+02 
2.500E+02 8.790E+01 
3.000E+02 7.604E+01 
3.500E+02 6.741E+01 
4.000E+02 6.085E+01 
4.500E+02 5.568E+01 
5.000E+02 5.151E+01 
6.000E+02 4.517E+01 
7.000E+02 4.059E+01 
8.000E+02 3.713E+01 
9.000E+02 3.441E+01 
1.000E+03 3.223E+01 