1.0000E-03   1.9311E+02  
1.5000E-03   2.3151E+02  
2.0000E-03   2.6351E+02  
2.5000E-03   2.9140E+02  
3.0000E-03   3.1642E+02  
3.5000E-03   3.3943E+02  
4.0000E-03   3.6067E+02  
4.5000E-03   3.8055E+02  
5.0000E-03   3.9927E+02  
6.0000E-03   4.3403E+02  
7.0000E-03   4.6581E+02  
8.0000E-03   4.9532E+02  
9.0000E-03   5.2299E+02  
1.0000E-02   5.4902E+02  
1.5000E-02   6.6243E+02  
2.0000E-02   7.5741E+02  
2.5000E-02   8.4051E+02  
3.0000E-02   9.1517E+02  
3.5000E-02   9.8344E+02  
4.0000E-02   1.0467E+03  
4.5000E-02   1.1058E+03  
5.0000E-02   1.1614E+03  
6.0000E-02   1.2638E+03  
7.0000E-02   1.3570E+03  
8.0000E-02   1.4419E+03  
9.0000E-02   1.5215E+03  
1.0000E-01   1.5950E+03  
1.5000E-01   1.8988E+03  
2.0000E-01   2.1262E+03  
2.5000E-01   2.2992E+03  
3.0000E-01   2.4280E+03  
3.5000E-01   2.5223E+03  
4.0000E-01   2.5889E+03  
4.5000E-01   2.6322E+03  
5.0000E-01   2.6569E+03  
6.0000E-01   2.6645E+03  
7.0000E-01   2.6336E+03  
8.0000E-01   2.5796E+03  
9.0000E-01   2.5129E+03  
1.0000E+00   2.4390E+03  
1.5000E+00   2.0605E+03  
2.0000E+00   1.7582E+03  
2.5000E+00   1.5309E+03  
3.0000E+00   1.3571E+03  
3.5000E+00   1.2208E+03  
4.0000E+00   1.1116E+03  
4.5000E+00   1.0227E+03  
5.0000E+00   9.4853E+02  
6.0000E+00   8.3154E+02  
7.0000E+00   7.4263E+02  
8.0000E+00   6.7252E+02  
9.0000E+00   6.1576E+02  
1.0000E+01   5.6869E+02  
1.5000E+01   4.1641E+02  
2.0000E+01   3.3224E+02  
2.5000E+01   2.7821E+02  
3.0000E+01   2.4036E+02  
3.5000E+01   2.1224E+02  
4.0000E+01   1.9044E+02  
4.5000E+01   1.7310E+02  
5.0000E+01   1.5888E+02  
6.0000E+01   1.3686E+02  
7.0000E+01   1.2068E+02  
8.0000E+01   1.0817E+02  
9.0000E+01   9.8227E+01  
1.0000E+02   9.0122E+01  
1.5000E+02   6.4793E+01  
2.0000E+02   5.1414E+01  
2.5000E+02   4.3077E+01  
3.0000E+02   3.7368E+01  
3.5000E+02   3.3199E+01  
4.0000E+02   3.0018E+01  
4.5000E+02   2.7514E+01  
5.0000E+02   2.5482E+01  
6.0000E+02   2.2389E+01  
7.0000E+02   2.0150E+01  
8.0000E+02   1.8450E+01  
9.0000E+02   1.7120E+01  
1.0000E+03   1.6049E+01  
