1.000E-03 8.280E+01 
1.500E-03 1.037E+02 
2.000E-03 1.216E+02 
2.500E-03 1.377E+02 
3.000E-03 1.523E+02 
3.500E-03 1.659E+02 
4.000E-03 1.787E+02 
4.500E-03 1.908E+02 
5.000E-03 2.023E+02 
6.000E-03 2.238E+02 
7.000E-03 2.438E+02 
8.000E-03 2.625E+02 
9.000E-03 2.802E+02 
1.000E-02 2.971E+02 
1.500E-02 3.720E+02 
2.000E-02 4.362E+02 
2.500E-02 4.934E+02 
3.000E-02 5.457E+02 
3.500E-02 5.941E+02 
4.000E-02 6.393E+02 
4.500E-02 6.820E+02 
5.000E-02 7.225E+02 
6.000E-02 7.979E+02 
7.000E-02 8.674E+02 
8.000E-02 9.320E+02 
9.000E-02 9.925E+02 
1.000E-01 1.049E+03 
1.500E-01 1.293E+03 
2.000E-01 1.486E+03 
2.500E-01 1.640E+03 
3.000E-01 1.765E+03 
3.500E-01 1.864E+03 
4.000E-01 1.940E+03 
4.500E-01 1.999E+03 
5.000E-01 2.041E+03 
6.000E-01 2.086E+03 
7.000E-01 2.091E+03 
8.000E-01 2.069E+03 
9.000E-01 2.030E+03 
1.000E+00 1.978E+03 
1.500E+00 1.660E+03 
2.000E+00 1.406E+03 
2.500E+00 1.224E+03 
3.000E+00 1.088E+03 
3.500E+00 9.829E+02 
4.000E+00 8.985E+02 
4.500E+00 8.295E+02 
5.000E+00 7.711E+02 
6.000E+00 6.785E+02 
7.000E+00 6.080E+02 
8.000E+00 5.523E+02 
9.000E+00 5.069E+02 
1.000E+01 4.691E+02 
1.500E+01 3.462E+02 
2.000E+01 2.777E+02 
2.500E+01 2.333E+02 
3.000E+01 2.021E+02 
3.500E+01 1.789E+02 
4.000E+01 1.608E+02 
4.500E+01 1.463E+02 
5.000E+01 1.344E+02 
6.000E+01 1.161E+02 
7.000E+01 1.025E+02 
8.000E+01 9.197E+01 
9.000E+01 8.360E+01 
1.000E+02 7.677E+01 
1.500E+02 5.536E+01 
2.000E+02 4.401E+01 
2.500E+02 3.693E+01 
3.000E+02 3.207E+01 
3.500E+02 2.852E+01 
4.000E+02 2.581E+01 
4.500E+02 2.367E+01 
5.000E+02 2.193E+01 
6.000E+02 1.930E+01 
7.000E+02 1.738E+01 
8.000E+02 1.593E+01 
9.000E+02 1.479E+01 
1.000E+03 1.388E+01 