1.000E-03 1.058E+02 
1.500E-03 1.283E+02 
2.000E-03 1.471E+02 
2.500E-03 1.636E+02 
3.000E-03 1.784E+02 
3.500E-03 1.920E+02 
4.000E-03 2.046E+02 
4.500E-03 2.164E+02 
5.000E-03 2.275E+02 
6.000E-03 2.481E+02 
7.000E-03 2.670E+02 
8.000E-03 2.845E+02 
9.000E-03 3.009E+02 
1.000E-02 3.163E+02 
1.500E-02 3.836E+02 
2.000E-02 4.398E+02 
2.500E-02 4.889E+02 
3.000E-02 5.330E+02 
3.500E-02 5.733E+02 
4.000E-02 6.106E+02 
4.500E-02 6.455E+02 
5.000E-02 6.783E+02 
6.000E-02 7.389E+02 
7.000E-02 7.941E+02 
8.000E-02 8.450E+02 
9.000E-02 8.923E+02 
1.000E-01 9.365E+02 
1.500E-01 1.124E+03 
2.000E-01 1.272E+03 
2.500E-01 1.392E+03 
3.000E-01 1.491E+03 
3.500E-01 1.573E+03 
4.000E-01 1.639E+03 
4.500E-01 1.693E+03 
5.000E-01 1.735E+03 
6.000E-01 1.792E+03 
7.000E-01 1.818E+03 
8.000E-01 1.820E+03 
9.000E-01 1.805E+03 
1.000E+00 1.777E+03 
1.500E+00 1.544E+03 
2.000E+00 1.329E+03 
2.500E+00 1.164E+03 
3.000E+00 1.038E+03 
3.500E+00 9.395E+02 
4.000E+00 8.602E+02 
4.500E+00 7.947E+02 
5.000E+00 7.395E+02 
6.000E+00 6.519E+02 
7.000E+00 5.845E+02 
8.000E+00 5.313E+02 
9.000E+00 4.880E+02 
1.000E+01 4.520E+02 
1.500E+01 3.345E+02 
2.000E+01 2.688E+02 
2.500E+01 2.263E+02 
3.000E+01 1.963E+02 
3.500E+01 1.739E+02 
4.000E+01 1.564E+02 
4.500E+01 1.424E+02 
5.000E+01 1.309E+02 
6.000E+01 1.131E+02 
7.000E+01 9.997E+01 
8.000E+01 8.979E+01 
9.000E+01 8.166E+01 
1.000E+02 7.502E+01 
1.500E+02 5.418E+01 
2.000E+02 4.311E+01 
2.500E+02 3.620E+01 
3.000E+02 3.145E+01 
3.500E+02 2.798E+01 
4.000E+02 2.533E+01 
4.500E+02 2.323E+01 
5.000E+02 2.154E+01 
6.000E+02 1.895E+01 
7.000E+02 1.708E+01 
8.000E+02 1.566E+01 
9.000E+02 1.454E+01 
1.000E+03 1.365E+01 