1.000E-03 4.732E+01 
1.500E-03 6.163E+01 
2.000E-03 7.434E+01 
2.500E-03 8.598E+01 
3.000E-03 9.682E+01 
3.500E-03 1.071E+02 
4.000E-03 1.168E+02 
4.500E-03 1.261E+02 
5.000E-03 1.351E+02 
6.000E-03 1.521E+02 
7.000E-03 1.682E+02 
8.000E-03 1.834E+02 
9.000E-03 1.981E+02 
1.000E-02 2.121E+02 
1.500E-02 2.761E+02 
2.000E-02 3.327E+02 
2.500E-02 3.844E+02 
3.000E-02 4.322E+02 
3.500E-02 4.770E+02 
4.000E-02 5.193E+02 
4.500E-02 5.594E+02 
5.000E-02 5.975E+02 
6.000E-02 6.686E+02 
7.000E-02 7.337E+02 
8.000E-02 7.935E+02 
9.000E-02 8.485E+02 
1.000E-01 8.991E+02 
1.500E-01 1.097E+03 
2.000E-01 1.225E+03 
2.500E-01 1.307E+03 
3.000E-01 1.359E+03 
3.500E-01 1.390E+03 
4.000E-01 1.408E+03 
4.500E-01 1.416E+03 
5.000E-01 1.417E+03 
6.000E-01 1.405E+03 
7.000E-01 1.383E+03 
8.000E-01 1.356E+03 
9.000E-01 1.326E+03 
1.000E+00 1.295E+03 
1.500E+00 1.146E+03 
2.000E+00 1.023E+03 
2.500E+00 9.239E+02 
3.000E+00 8.424E+02 
3.500E+00 7.731E+02 
4.000E+00 7.131E+02 
4.500E+00 6.612E+02 
5.000E+00 6.174E+02 
6.000E+00 5.470E+02 
7.000E+00 4.927E+02 
8.000E+00 4.495E+02 
9.000E+00 4.140E+02 
1.000E+01 3.844E+02 
1.500E+01 2.872E+02 
2.000E+01 2.325E+02 
2.500E+01 1.968E+02 
3.000E+01 1.715E+02 
3.500E+01 1.526E+02 
4.000E+01 1.377E+02 
4.500E+01 1.258E+02 
5.000E+01 1.159E+02 
6.000E+01 1.006E+02 
7.000E+01 8.922E+01 
8.000E+01 8.036E+01 
9.000E+01 7.326E+01 
1.000E+02 6.744E+01 
1.500E+02 4.905E+01 
2.000E+02 3.920E+01 
2.500E+02 3.302E+01 
3.000E+02 2.875E+01 
3.500E+02 2.562E+01 
4.000E+02 2.323E+01 
4.500E+02 2.133E+01 
5.000E+02 1.979E+01 
6.000E+02 1.745E+01 
7.000E+02 1.574E+01 
8.000E+02 1.444E+01 
9.000E+02 1.343E+01 
1.000E+03 1.260E+01 